z1	z2	z3	z4	z5	z6	z7	z8
z1	1	0.014	-0.028	0.031	-0.004	-0.111	0.115	0.904
z2	0.014	1	0.62	-0.093	0.009	-0.077	-0.013	0.014
z3	-0.028	0.62	1	-0.018	0.063	0.009	-0.078	-0.026
z4	0.031	-0.093	-0.018	1	-0.116	0.434	0.159	-0.003
z5	-0.004	0.009	0.063	-0.116	1	-0.064	-0.687	-0.031
z6	-0.111	-0.077	0.009	0.434	-0.064	1	0.156	-0.091
z7	0.115	-0.013	-0.078	0.159	-0.687	0.156	1	0.119
z8	0.904	0.014	-0.026	-0.003	-0.031	-0.091	0.119	1
